831 902 0
830 903 1
831 903 2
831 903 3
830 903 4
831 903 5
831 903 6
830 903 7
831 903 8
831 903 9
830 903 10
831 903 11
831 903 12
830 903 13
830 903 14
830 903 15
830 903 16
830 903 17
830 903 18
830 903 19
830 903 20
830 903 21
830 903 22
830 903 23
830 903 24
830 903 25
830 903 26
830 903 27
830 903 28
830 903 29
830 903 30
830 903 31
831 903 32
830 903 33
831 903 34
831 903 35
831 903 36
831 903 37
831 903 38
831 903 39
830 903 40
830 903 41
830 903 42
830 903 43
830 903 44
830 903 45
830 903 46
830 903 47
830 903 48
830 903 49
830 903 50
830 903 51
830 903 52
830 903 53
830 903 54
830 903 55
830 903 56
830 903 57
830 903 58
830 903 59
830 903 60
830 903 61
830 903 62
830 903 63
830 903 64
830 903 65
830 903 66
830 903 67
830 903 68
830 903 69
830 903 70
830 903 71
830 903 72
830 903 73
830 903 74
830 903 75
830 903 76
830 903 77
830 903 78
830 903 79
830 903 80
830 903 81
830 903 82
830 903 83
830 903 84
830 903 85
830 903 86
830 903 87
830 903 88
830 904 89
830 903 90
830 904 91
829 903 92
829 904 93
829 904 94
830 904 95
830 904 96
830 904 97
829 904 98
829 904 99
829 904 100
829 904 101
829 904 102
829 905 103
829 904 104
829 905 105
829 905 106
829 904 107
829 905 108
829 905 109
828 904 110
828 905 111
828 905 112
829 905 113
829 905 114
828 905 115
828 906 116
828 906 117
828 906 118
828 906 119
827 907 120
827 907 121
827 907 122
827 907 123
825 909 124
827 907 125
827 907 126
825 909 127
825 909 128
825 909 129
824 909 130
824 910 131
823 911 132
824 910 133
824 910 134
824 910 135
823 911 136
824 910 137
824 910 138
822 910 139
822 911 140
822 912 141
822 910 142
822 912 143
822 912 144
822 912 145
822 910 146
822 912 147
822 911 148
822 911 149
822 911 150
824 910 151
823 911 152
823 911 153
822 912 154
823 911 155
822 912 156
821 911 157
821 912 158
823 911 159
823 911 160
821 912 161
822 911 162
821 911 163
822 912 164
822 911 165
822 910 166
823 911 167
822 910 168
824 910 169
823 910 170
825 909 171
824 910 172
824 910 173
823 911 174
824 910 175
823 910 176
823 910 177
824 910 178
823 910 179
823 910 180
823 909 181
823 909 182
823 910 183
823 910 184
823 910 185
824 910 186
823 910 187
823 910 188
823 910 189
823 910 190
823 911 191
824 910 192
823 910 193
823 910 194
824 910 195
823 910 196
823 909 197
823 910 198
823 910 199
823 910 200
823 910 201
823 910 202
824 910 203
824 910 204
823 910 205
823 909 206
824 910 207
823 910 208
823 909 209
824 910 210
824 910 211
823 909 212
824 909 213
825 909 214
825 909 215
824 909 216
823 909 217
823 909 218
823 910 219
823 909 220
824 910 221
823 910 222
823 911 223
823 911 224
823 911 225
823 910 226
823 911 227
823 911 228
824 910 229
823 910 230
823 910 231
823 910 232
823 911 233
824 910 234
823 909 235
823 909 236
824 910 237
825 909 238
824 910 239
825 909 240
827 907 241
826 908 242
825 909 243
826 908 244
827 907 245
828 906 246
826 908 247
827 906 248
828 906 249
827 906 250
829 905 251
827 907 252
828 906 253
829 905 254
829 905 255
828 905 256
828 906 257
829 905 258
830 904 259
830 904 260
830 904 261
830 904 262
830 904 263
830 904 264
830 904 265
830 903 266
830 904 267
830 903 268
830 903 269
830 903 270
830 903 271
830 903 272
831 903 273
830 903 274
831 903 275
831 903 276
830 902 277
831 903 278
831 903 279
831 903 280
831 902 281
831 902 282
832 902 283
831 901 284
832 901 285
832 901 286
832 901 287
833 901 288
833 901 289
832 900 290
833 901 291
833 901 292
834 900 293
834 900 294
833 901 295
833 901 296
833 901 297
833 901 298
833 900 299
833 899 300
834 900 301
834 900 302
834 900 303
834 899 304
835 899 305
834 899 306
834 899 307
835 899 308
835 899 309
835 899 310
834 898 311
835 899 312
835 898 313
835 899 314
835 899 315
835 899 316
835 898 317
835 898 318
835 898 319
835 898 320
835 898 321
835 898 322
835 898 323
835 898 324
835 898 325
835 898 326
835 898 327
835 898 328
835 898 329
835 898 330
835 898 331
835 898 332
835 898 333
835 898 334
835 898 335
835 898 336
835 898 337
835 898 338
835 898 339
835 898 340
835 898 341
835 898 342
835 898 343
835 898 344
835 898 345
835 898 346
835 898 347
835 898 348
835 898 349
835 898 350
835 898 351
835 898 352
835 898 353
835 898 354
835 898 355
835 899 356
835 899 357
835 899 358
835 898 359
835 899 360
835 898 361
834 898 362
834 898 363
835 899 364
835 899 365
835 898 366
835 898 367
835 898 368
835 899 369
835 898 370
835 898 371
835 898 372
835 899 373
835 899 374
835 898 375
835 898 376
835 898 377
835 898 378
835 898 379
835 898 380
835 898 381
835 898 382
835 898 383
835 898 384
835 898 385
835 898 386
835 898 387
835 898 388
835 899 389
835 899 390
835 898 391
835 898 392
835 899 393
835 899 394
835 899 395
835 899 396
835 898 397
834 899 398
834 899 399
835 899 400
834 900 401
835 899 402
835 899 403
834 899 404
834 900 405
834 900 406
833 901 407
834 900 408
833 900 409
833 901 410
832 902 411
833 901 412
833 901 413
833 901 414
833 901 415
832 901 416
831 902 417
832 902 418
831 903 419
830 904 420
832 902 421
830 904 422
829 905 423
830 904 424
828 906 425
829 905 426
830 904 427
830 904 428
829 905 429
827 907 430
828 906 431
829 905 432
827 907 433
826 907 434
826 908 435
827 906 436
826 908 437
827 907 438
827 907 439
828 906 440
826 907 441
826 907 442
827 906 443
826 907 444
826 907 445
826 908 446
826 907 447
828 906 448
828 906 449
827 906 450
827 908 451
827 908 452
826 907 453
826 906 454
827 907 455
827 906 456
828 906 457
828 905 458
830 904 459
830 904 460
828 906 461
828 906 462
830 904 463
830 904 464
829 905 465
829 904 466
828 904 467
828 905 468
828 905 469
828 905 470
829 905 471
829 905 472
829 905 473
828 905 474
829 905 475
828 905 476
829 905 477
828 906 478
828 906 479
828 905 480
828 906 481
828 905 482
827 905 483
828 905 484
828 905 485
828 905 486
828 905 487
828 906 488
828 906 489
828 906 490
828 906 491
828 905 492
828 905 493
828 905 494
829 905 495
828 905 496
828 905 497
828 905 498
829 905 499
829 905 500
828 904 501
828 905 502
829 905 503
828 905 504
828 906 505
830 904 506
829 904 507
830 904 508
830 904 509
830 904 510
830 904 511
829 905 512
830 904 513
829 904 514
829 904 515
829 905 516
829 905 517
829 904 518
829 904 519
829 905 520
830 904 521
828 904 522
828 906 523
828 905 524
828 905 525
828 905 526
827 905 527
827 907 528
828 906 529
827 906 530
827 907 531
827 907 532
827 907 533
827 906 534
827 906 535
828 906 536
828 906 537
827 906 538
827 906 539
828 906 540
827 907 541
827 906 542
827 906 543
827 906 544
829 905 545
828 906 546
828 905 547
828 905 548
828 904 549
830 904 550
829 905 551
829 904 552
828 904 553
829 904 554
831 903 555
829 905 556
830 903 557
831 903 558
832 902 559
831 902 560
830 904 561
832 902 562
832 902 563
833 901 564
832 902 565
833 901 566
832 902 567
834 900 568
833 901 569
835 899 570
833 900 571
835 899 572
835 899 573
834 899 574
835 899 575
835 899 576
835 899 577
835 898 578
835 899 579
835 898 580
835 898 581
836 898 582
836 898 583
836 898 584
835 897 585
836 898 586
835 897 587
836 898 588
835 897 589
835 898 590
836 897 591
836 897 592
836 897 593
836 897 594
837 897 595
837 897 596
836 897 597
837 897 598
836 897 599
837 896 600
836 896 601
837 896 602
837 897 603
837 897 604
837 896 605
837 897 606
837 896 607
838 896 608
838 896 609
838 896 610
837 896 611
838 896 612
837 895 613
837 896 614
838 896 615
838 895 616
837 895 617
838 895 618
838 895 619
838 895 620
839 895 621
838 895 622
839 895 623
838 894 624
838 894 625
839 894 626
839 894 627
838 894 628
839 895 629
839 894 630
839 894 631
839 894 632
839 895 633
839 895 634
839 895 635
839 895 636
839 894 637
839 895 638
839 894 639
839 894 640
839 894 641
839 894 642
839 894 643
840 894 644
840 894 645
839 895 646
839 894 647
840 894 648
840 894 649
840 894 650
839 894 651
840 894 652
839 894 653
840 894 654
840 894 655
839 894 656
840 894 657
840 894 658
839 894 659
839 895 660
839 894 661
839 895 662
838 894 663
838 894 664
838 895 665
839 895 666
838 894 667
838 895 668
839 895 669
839 895 670
839 895 671
839 895 672
838 895 673
838 895 674
839 895 675
838 894 676
839 895 677
838 895 678
838 894 679
838 895 680
838 895 681
838 894 682
838 895 683
838 895 684
838 895 685
839 895 686
838 895 687
838 895 688
838 895 689
838 895 690
838 895 691
838 895 692
839 895 693
838 895 694
838 895 695
839 895 696
838 895 697
838 894 698
839 894 699
839 895 700
840 894 701
839 895 702
840 894 703
840 894 704
839 895 705
839 894 706
839 894 707
839 894 708
840 894 709
840 894 710
839 895 711
838 894 712
839 895 713
839 894 714
838 896 715
839 895 716
839 895 717
838 894 718
839 895 719
839 894 720
840 894 721
839 894 722
839 895 723
839 895 724
839 894 725
839 894 726
840 894 727
840 894 728
839 894 729
839 894 730
840 894 731
840 894 732
840 894 733
840 894 734
840 893 735
839 893 736
840 893 737
840 894 738
840 893 739
840 893 740
840 893 741
840 893 742
840 894 743
840 893 744
840 893 745
840 893 746
840 893 747
840 893 748
840 893 749
840 894 750
840 893 751
840 893 752
840 893 753
840 893 754
840 894 755
840 893 756
840 894 757
840 894 758
840 894 759
840 894 760
839 894 761
839 894 762
839 894 763
840 894 764
840 894 765
839 894 766
839 894 767
840 894 768
839 894 769
839 894 770
839 894 771
840 894 772
840 894 773
840 893 774
840 893 775
840 894 776
840 893 777
841 893 778
840 894 779
840 894 780
841 893 781
841 893 782
841 893 783
841 893 784
841 893 785
839 894 786
839 893 787
839 894 788
839 894 789
839 894 790
839 894 791
839 894 792
839 894 793
839 893 794
839 894 795
841 893 796
841 893 797
839 893 798
840 893 799
840 894 800
840 894 801
840 893 802
841 893 803
840 893 804
840 894 805
840 893 806
840 893 807
840 894 808
840 894 809
841 893 810
840 894 811
841 893 812
840 893 813
841 893 814
840 893 815
839 893 816
840 894 817
839 894 818
839 894 819
839 893 820
840 894 821
839 895 822
839 893 823
840 893 824
840 894 825
839 893 826
840 894 827
839 894 828
839 893 829
840 894 830
840 894 831
840 893 832
840 893 833
840 893 834
840 893 835
840 893 836
840 894 837
841 893 838
840 894 839
840 893 840
840 893 841
840 894 842
840 893 843
841 893 844
841 893 845
840 893 846
840 894 847
841 893 848
839 894 849
839 894 850
839 894 851
840 894 852
840 894 853
840 894 854
839 895 855
839 895 856
840 894 857
839 895 858
839 895 859
839 894 860
839 895 861
838 894 862
839 895 863
839 894 864
839 894 865
839 894 866
839 894 867
839 894 868
839 895 869
839 895 870
840 894 871
839 894 872
839 895 873
840 894 874
840 894 875
839 894 876
840 893 877
840 894 878
840 893 879
840 893 880
841 893 881
840 892 882
840 892 883
840 893 884
840 893 885
840 892 886
840 893 887
840 892 888
841 892 889
840 892 890
840 892 891
841 893 892
840 893 893
841 892 894
841 893 895
841 892 896
841 892 897
841 892 898
841 892 899
842 892 900
842 892 901
842 892 902
842 892 903
841 892 904
841 892 905
841 893 906
841 893 907
842 892 908
842 892 909
841 892 910
840 892 911
841 893 912
840 894 913
841 892 914
841 893 915
840 893 916
840 893 917
840 893 918
841 893 919
842 892 920
840 893 921
840 893 922
841 892 923
841 893 924
841 892 925
841 893 926
843 891 927
842 892 928
842 892 929
840 891 930
840 893 931
840 893 932
841 892 933
840 893 934
840 894 935
841 892 936
840 893 937
840 893 938
842 892 939
842 892 940
843 891 941
843 891 942
841 892 943
841 891 944
842 892 945
842 892 946
842 892 947
841 892 948
842 891 949
841 891 950
842 892 951
