835 899 0
837 897 1
838 896 2
836 898 3
835 899 4
837 897 5
837 897 6
828 906 7
834 900 8
836 898 9
837 897 10
838 896 11
836 898 12
837 897 13
837 897 14
837 897 15
837 897 16
831 903 17
835 899 18
837 897 19
837 897 20
835 899 21
836 898 22
838 896 23
834 900 24
836 898 25
837 897 26
832 902 27
826 908 28
830 904 29
836 898 30
835 899 31
838 896 32
832 902 33
829 905 34
823 911 35
834 900 36
837 897 37
837 897 38
837 897 39
836 898 40
836 898 41
833 901 42
829 905 43
835 899 44
836 898 45
835 899 46
837 897 47
838 896 48
832 902 49
837 897 50
834 900 51
835 899 52
837 897 53
838 896 54
838 896 55
838 896 56
837 897 57
836 898 58
837 897 59
837 897 60
839 895 61
838 896 62
838 896 63
837 897 64
838 896 65
838 896 66
839 895 67
839 895 68
840 894 69
837 897 70
838 896 71
838 896 72
837 897 73
839 895 74
840 894 75
839 895 76
840 894 77
840 894 78
839 895 79
839 895 80
839 895 81
839 895 82
840 894 83
839 895 84
839 895 85
839 895 86
839 895 87
841 893 88
841 893 89
840 894 90
840 894 91
840 894 92
840 894 93
840 894 94
840 894 95
840 894 96
841 893 97
841 893 98
840 894 99
840 894 100
840 894 101
842 892 102
840 894 103
840 894 104
839 895 105
840 894 106
839 895 107
840 894 108
840 894 109
841 893 110
840 894 111
841 893 112
840 894 113
840 894 114
839 895 115
839 895 116
841 893 117
840 894 118
839 895 119
839 895 120
838 896 121
838 896 122
838 896 123
839 895 124
838 896 125
838 896 126
839 895 127
839 895 128
838 896 129
836 898 130
839 895 131
837 897 132
839 895 133
839 895 134
836 898 135
835 899 136
839 895 137
838 896 138
838 896 139
837 897 140
838 896 141
840 894 142
839 895 143
839 895 144
840 894 145
839 895 146
839 895 147
840 894 148
840 894 149
840 894 150
840 894 151
840 894 152
840 894 153
841 893 154
839 895 155
839 895 156
839 895 157
840 894 158
840 894 159
838 896 160
838 896 161
840 894 162
840 894 163
838 896 164
840 894 165
840 894 166
840 894 167
841 893 168
839 895 169
840 894 170
840 894 171
840 894 172
840 894 173
840 894 174
839 895 175
840 894 176
839 895 177
839 895 178
841 893 179
840 894 180
840 894 181
840 894 182
839 895 183
839 895 184
839 895 185
839 895 186
840 894 187
840 894 188
840 894 189
841 893 190
841 893 191
841 893 192
840 894 193
840 894 194
840 894 195
840 894 196
839 895 197
838 896 198
841 893 199
840 894 200
840 894 201
840 894 202
840 894 203
840 894 204
840 894 205
841 893 206
840 894 207
840 894 208
840 894 209
841 893 210
840 894 211
840 894 212
841 893 213
838 896 214
840 894 215
840 894 216
841 893 217
840 894 218
839 895 219
839 895 220
839 895 221
840 894 222
839 895 223
840 894 224
841 893 225
840 894 226
841 893 227
839 895 228
840 894 229
840 894 230
840 894 231
840 894 232
840 894 233
840 894 234
840 894 235
840 894 236
840 894 237
838 896 238
839 895 239
839 895 240
840 894 241
840 894 242
840 894 243
841 893 244
841 893 245
841 893 246
839 895 247
839 895 248
839 895 249
839 895 250
840 894 251
840 894 252
840 894 253
839 895 254
840 894 255
840 894 256
839 895 257
839 895 258
839 895 259
840 894 260
840 894 261
839 895 262
840 894 263
840 894 264
841 893 265
839 895 266
839 895 267
840 894 268
839 895 269
841 893 270
839 895 271
840 894 272
841 893 273
842 892 274
842 892 275
842 892 276
840 894 277
841 893 278
841 893 279
841 893 280
841 893 281
840 894 282
840 894 283
841 893 284
841 893 285
842 892 286
839 895 287
840 894 288
842 892 289
842 892 290
841 893 291
841 893 292
841 893 293
841 893 294
843 891 295
842 892 296
842 892 297
843 891 298
842 892 299
841 893 300
840 894 301
838 896 302
838 896 303
838 896 304
821 913 305
839 895 306
842 892 307
843 891 308
841 893 309
839 895 310
842 892 311
842 892 312
842 892 313
842 892 314
843 891 315
841 893 316
840 894 317
843 891 318
840 894 319
843 891 320
842 892 321
842 892 322
842 892 323
843 891 324
842 892 325
841 893 326
842 892 327
841 893 328
841 893 329
841 893 330
840 894 331
842 892 332
840 894 333
840 894 334
841 893 335
841 893 336
841 893 337
840 894 338
842 892 339
842 892 340
840 894 341
841 893 342
840 894 343
841 893 344
841 893 345
842 892 346
841 893 347
842 892 348
842 892 349
842 892 350
841 893 351
841 893 352
842 892 353
842 892 354
842 892 355
843 891 356
843 891 357
841 893 358
842 892 359
839 895 360
841 893 361
841 893 362
843 891 363
841 893 364
841 893 365
841 893 366
840 894 367
839 895 368
843 891 369
842 892 370
841 893 371
841 893 372
840 894 373
843 891 374
840 894 375
841 893 376
843 891 377
841 893 378
842 892 379
843 891 380
837 897 381
841 893 382
841 893 383
840 894 384
842 892 385
841 893 386
841 893 387
841 893 388
843 891 389
843 891 390
844 890 391
843 891 392
843 891 393
843 891 394
842 892 395
843 891 396
842 892 397
843 891 398
843 891 399
842 892 400
843 891 401
842 892 402
839 895 403
841 893 404
839 895 405
841 893 406
839 895 407
841 893 408
835 899 409
839 895 410
842 892 411
837 897 412
840 894 413
839 895 414
836 898 415
840 894 416
843 891 417
834 900 418
840 894 419
840 894 420
841 893 421
843 891 422
841 893 423
836 898 424
842 892 425
838 896 426
839 895 427
843 891 428
840 894 429
839 895 430
838 896 431
841 893 432
839 895 433
811 923 434
838 896 435
844 890 436
844 890 437
842 892 438
842 892 439
840 894 440
838 896 441
843 891 442
832 902 443
831 903 444
833 901 445
841 893 446
837 897 447
838 896 448
835 899 449
842 892 450
841 893 451
836 898 452
838 896 453
841 893 454
841 893 455
840 894 456
841 893 457
843 891 458
842 892 459
839 895 460
837 897 461
839 895 462
840 894 463
836 898 464
841 893 465
819 915 466
833 901 467
842 892 468
843 891 469
841 893 470
843 891 471
838 896 472
841 893 473
842 892 474
840 894 475
843 891 476
839 895 477
834 900 478
842 892 479
841 893 480
841 893 481
839 895 482
840 894 483
843 891 484
843 891 485
840 894 486
840 894 487
840 894 488
836 898 489
840 894 490
835 899 491
837 897 492
838 896 493
840 894 494
836 898 495
834 900 496
837 897 497
832 902 498
838 896 499
842 892 500
842 892 501
843 891 502
841 893 503
835 899 504
835 899 505
839 895 506
840 894 507
842 892 508
843 891 509
840 894 510
838 896 511
832 902 512
832 902 513
841 893 514
838 896 515
836 898 516
841 893 517
839 895 518
839 895 519
843 891 520
805 929 521
841 893 522
840 894 523
838 896 524
839 895 525
842 892 526
843 891 527
842 892 528
841 893 529
841 893 530
842 892 531
842 892 532
842 892 533
842 892 534
842 892 535
822 912 536
822 912 537
801 933 538
843 891 539
841 893 540
843 891 541
842 892 542
840 894 543
839 895 544
841 893 545
830 904 546
836 898 547
828 906 548
844 890 549
841 893 550
842 892 551
825 909 552
843 891 553
838 896 554
842 892 555
836 898 556
842 892 557
816 918 558
830 904 559
837 897 560
840 894 561
832 902 562
842 892 563
842 892 564
840 894 565
842 892 566
843 891 567
839 895 568
840 894 569
837 897 570
840 894 571
839 895 572
841 893 573
840 894 574
839 895 575
836 898 576
842 892 577
842 892 578
841 893 579
841 893 580
839 895 581
842 892 582
838 896 583
842 892 584
841 893 585
841 893 586
842 892 587
842 892 588
840 894 589
841 893 590
843 891 591
842 892 592
840 894 593
841 893 594
840 894 595
841 893 596
840 894 597
841 893 598
842 892 599
841 893 600
841 893 601
838 896 602
823 911 603
839 895 604
841 893 605
839 895 606
841 893 607
840 894 608
842 892 609
832 902 610
840 894 611
839 895 612
840 894 613
836 898 614
831 903 615
840 894 616
839 895 617
841 893 618
842 892 619
829 905 620
840 894 621
841 893 622
835 899 623
832 902 624
842 892 625
840 894 626
840 894 627
840 894 628
840 894 629
841 893 630
840 894 631
840 894 632
840 894 633
840 894 634
841 893 635
842 892 636
839 895 637
840 894 638
842 892 639
842 892 640
840 894 641
838 896 642
840 894 643
834 900 644
839 895 645
841 893 646
840 894 647
841 893 648
833 901 649
834 900 650
841 893 651
841 893 652
841 893 653
840 894 654
840 894 655
839 895 656
838 896 657
838 896 658
839 895 659
836 898 660
839 895 661
838 896 662
838 896 663
842 892 664
837 897 665
836 898 666
840 894 667
836 898 668
840 894 669
837 897 670
840 894 671
840 894 672
838 896 673
841 893 674
841 893 675
839 895 676
840 894 677
838 896 678
840 894 679
841 893 680
841 893 681
832 902 682
839 895 683
839 895 684
832 902 685
840 894 686
823 911 687
839 895 688
820 914 689
840 894 690
839 895 691
840 894 692
840 894 693
840 894 694
838 896 695
840 894 696
836 898 697
830 904 698
840 894 699
837 897 700
831 903 701
838 896 702
840 894 703
836 898 704
836 898 705
840 894 706
840 894 707
840 894 708
836 898 709
839 895 710
840 894 711
840 894 712
840 894 713
840 894 714
840 894 715
839 895 716
