836 897 0
835 898 1
835 898 2
836 898 3
835 897 4
835 897 5
835 897 6
836 897 7
836 897 8
836 898 9
836 897 10
836 898 11
836 898 12
837 897 13
837 897 14
837 897 15
837 897 16
836 897 17
835 897 18
837 897 19
837 897 20
835 899 21
836 898 22
834 899 23
834 900 24
836 898 25
834 899 26
834 899 27
834 899 28
834 899 29
833 899 30
835 899 31
834 901 32
834 899 33
833 900 34
834 899 35
834 900 36
834 899 37
834 898 38
835 897 39
836 898 40
836 898 41
835 898 42
835 898 43
835 899 44
836 898 45
835 899 46
835 897 47
835 898 48
835 898 49
837 897 50
836 897 51
836 897 52
837 897 53
836 897 54
836 896 55
838 896 56
837 897 57
836 896 58
837 897 59
837 897 60
837 896 61
838 896 62
838 896 63
838 895 64
838 896 65
838 896 66
838 895 67
838 895 68
838 895 69
838 895 70
838 895 71
838 895 72
838 895 73
839 895 74
838 895 75
839 895 76
838 895 77
839 894 78
839 895 79
839 895 80
839 895 81
839 895 82
839 894 83
839 894 84
839 894 85
839 894 86
839 894 87
839 894 88
839 894 89
840 894 90
840 894 91
840 894 92
840 894 93
840 894 94
840 894 95
840 894 96
840 893 97
840 893 98
840 894 99
840 894 100
840 894 101
840 893 102
840 894 103
840 894 104
840 893 105
840 894 106
840 893 107
840 894 108
840 894 109
839 894 110
840 894 111
839 894 112
840 894 113
840 894 114
839 895 115
839 895 116
839 894 117
838 894 118
839 895 119
839 895 120
838 895 121
838 896 122
838 896 123
839 895 124
838 896 125
838 896 126
838 895 127
837 895 128
838 896 129
838 895 130
837 896 131
837 895 132
837 896 133
837 896 134
837 896 135
838 895 136
837 895 137
838 896 138
838 896 139
838 895 140
838 896 141
838 895 142
839 895 143
839 895 144
838 894 145
839 895 146
839 895 147
840 894 148
840 894 149
840 894 150
840 894 151
840 894 152
840 894 153
839 894 154
839 894 155
839 894 156
839 894 157
839 894 158
839 894 159
839 894 160
839 894 161
839 894 162
840 894 163
839 894 164
840 894 165
840 894 166
840 894 167
839 894 168
839 894 169
840 894 170
840 894 171
840 894 172
840 894 173
840 894 174
839 894 175
840 894 176
839 894 177
839 894 178
839 894 179
839 894 180
839 894 181
839 894 182
839 894 183
839 894 184
839 894 185
839 894 186
839 894 187
839 894 188
839 894 189
839 894 190
839 894 191
839 894 192
840 894 193
840 894 194
840 894 195
840 894 196
840 893 197
840 893 198
839 894 199
840 894 200
840 894 201
840 894 202
840 894 203
840 894 204
840 894 205
840 893 206
840 894 207
840 894 208
840 894 209
840 893 210
840 894 211
840 894 212
839 894 213
840 893 214
840 894 215
840 894 216
839 894 217
839 894 218
839 894 219
839 894 220
839 894 221
839 894 222
839 894 223
839 894 224
839 894 225
840 894 226
839 894 227
840 894 228
840 894 229
840 894 230
840 894 231
840 894 232
840 894 233
840 894 234
840 894 235
840 894 236
840 894 237
839 894 238
839 894 239
839 894 240
839 894 241
839 894 242
839 894 243
839 894 244
839 894 245
839 894 246
839 894 247
839 894 248
839 894 249
839 894 250
839 894 251
839 894 252
839 894 253
839 894 254
839 894 255
839 894 256
839 894 257
839 894 258
839 894 259
840 894 260
840 894 261
839 894 262
840 894 263
840 894 264
839 894 265
839 893 266
839 893 267
840 894 268
840 893 269
839 893 270
840 893 271
840 894 272
840 893 273
840 893 274
840 893 275
840 893 276
840 893 277
840 893 278
840 893 279
841 893 280
841 893 281
840 893 282
840 893 283
841 893 284
841 893 285
840 893 286
841 892 287
841 892 288
841 893 289
841 892 290
841 893 291
841 893 292
841 893 293
841 893 294
841 892 295
842 892 296
842 892 297
840 893 298
842 892 299
841 893 300
840 894 301
840 893 302
840 893 303
840 893 304
840 893 305
839 893 306
842 892 307
840 893 308
841 893 309
841 892 310
842 892 311
842 892 312
842 892 313
842 892 314
841 892 315
841 893 316
841 892 317
841 892 318
841 892 319
841 892 320
842 892 321
842 892 322
842 892 323
841 892 324
841 892 325
841 892 326
841 892 327
841 893 328
841 893 329
841 893 330
841 892 331
840 893 332
841 893 333
840 893 334
841 893 335
841 893 336
841 893 337
840 893 338
840 893 339
840 893 340
841 892 341
841 893 342
841 892 343
841 893 344
841 893 345
841 892 346
841 892 347
842 892 348
842 892 349
842 892 350
841 892 351
841 892 352
841 892 353
841 892 354
841 892 355
841 892 356
841 892 357
841 892 358
841 892 359
841 892 360
841 893 361
841 893 362
841 892 363
841 893 364
841 893 365
841 893 366
840 892 367
841 892 368
840 893 369
840 892 370
841 893 371
841 893 372
840 892 373
841 892 374
840 892 375
841 893 376
841 892 377
841 893 378
840 892 379
841 893 380
841 892 381
841 893 382
841 893 383
841 892 384
842 892 385
841 893 386
841 893 387
841 891 388
841 892 389
843 891 390
842 891 391
843 891 392
843 891 393
843 891 394
842 892 395
843 891 396
842 892 397
843 891 398
843 891 399
842 892 400
843 891 401
842 892 402
841 892 403
841 893 404
839 895 405
841 893 406
839 895 407
841 893 408
839 894 409
839 895 410
838 895 411
839 894 412
840 894 413
839 895 414
839 894 415
840 894 416
838 895 417
839 894 418
840 894 419
840 894 420
839 893 421
839 894 422
839 893 423
840 893 424
839 894 425
839 894 426
839 895 427
839 894 428
840 894 429
839 895 430
840 893 431
841 893 432
839 895 433
840 893 434
838 893 435
840 893 436
840 893 437
842 892 438
842 892 439
840 894 440
838 896 441
838 894 442
839 894 443
838 895 444
838 895 445
841 893 446
837 897 447
838 896 448
838 895 449
837 896 450
841 893 451
839 894 452
838 896 453
841 893 454
841 893 455
840 894 456
841 893 457
839 894 458
839 894 459
839 895 460
840 893 461
839 895 462
840 894 463
840 893 464
841 893 465
839 894 466
840 895 467
842 892 468
840 893 469
841 893 470
840 893 471
841 892 472
841 893 473
842 892 474
840 894 475
840 893 476
840 892 477
840 893 478
840 893 479
841 893 480
841 893 481
839 893 482
840 894 483
839 894 484
839 894 485
840 894 486
840 894 487
840 894 488
839 894 489
840 894 490
838 895 491
838 895 492
838 896 493
837 895 494
838 895 495
837 896 496
837 895 497
838 895 498
838 896 499
838 895 500
838 895 501
838 895 502
838 893 503
839 894 504
839 894 505
839 895 506
840 894 507
838 895 508
838 895 509
840 894 510
838 896 511
838 895 512
838 895 513
837 896 514
838 896 515
836 895 516
841 893 517
839 895 518
839 895 519
839 894 520
839 894 521
841 893 522
840 894 523
840 893 524
839 893 525
842 892 526
840 893 527
842 892 528
841 893 529
841 893 530
842 892 531
842 892 532
842 892 533
842 892 534
842 892 535
840 893 536
840 893 537
837 896 538
839 894 539
841 893 540
839 894 541
842 892 542
840 894 543
839 895 544
841 893 545
839 894 546
836 898 547
838 895 548
836 897 549
841 893 550
837 896 551
837 896 552
835 898 553
838 896 554
837 896 555
836 898 556
837 896 557
837 896 558
838 895 559
837 897 560
840 894 561
839 894 562
838 895 563
842 892 564
840 894 565
842 892 566
839 894 567
839 895 568
840 894 569
840 893 570
840 894 571
839 895 572
841 893 573
840 894 574
840 893 575
840 893 576
840 894 577
840 893 578
841 893 579
841 893 580
840 893 581
840 892 582
841 892 583
840 892 584
841 893 585
841 893 586
841 892 587
841 892 588
841 892 589
841 893 590
841 893 591
840 892 592
840 892 593
841 893 594
840 894 595
841 893 596
840 894 597
841 893 598
840 893 599
841 893 600
841 893 601
840 893 602
840 894 603
839 895 604
841 893 605
839 895 606
841 893 607
840 894 608
839 894 609
839 895 610
840 894 611
839 895 612
840 894 613
839 894 614
838 895 615
840 894 616
839 895 617
838 895 618
839 896 619
838 895 620
840 894 621
838 894 622
839 894 623
839 894 624
838 895 625
840 894 626
840 894 627
840 894 628
840 894 629
841 893 630
840 894 631
840 894 632
840 894 633
840 894 634
841 893 635
840 893 636
840 893 637
840 894 638
839 893 639
839 893 640
840 894 641
840 893 642
840 894 643
839 894 644
839 893 645
839 893 646
840 894 647
839 893 648
839 894 649
839 894 650
839 893 651
839 894 652
839 894 653
840 894 654
840 894 655
839 895 656
838 894 657
838 896 658
839 895 659
838 895 660
839 895 661
838 896 662
838 896 663
838 896 664
838 895 665
838 895 666
838 894 667
838 895 668
840 894 669
839 894 670
840 894 671
840 894 672
838 896 673
841 893 674
841 893 675
839 895 676
840 894 677
838 896 678
840 894 679
838 895 680
838 895 681
838 895 682
839 895 683
839 895 684
838 895 685
840 894 686
836 897 687
839 895 688
837 896 689
840 894 690
839 895 691
840 894 692
840 894 693
840 894 694
838 896 695
838 895 696
838 895 697
837 896 698
837 895 699
837 897 700
837 896 701
838 896 702
837 896 703
838 895 704
838 895 705
838 894 706
840 894 707
840 894 708
839 894 709
839 895 710
840 894 711
840 894 712
840 894 713
840 894 714
840 894 715
839 894 716
