830 904 0
832 902 1
831 903 2
831 903 3
832 902 4
831 903 5
831 903 6
830 904 7
831 903 8
829 905 9
832 902 10
831 903 11
831 903 12
831 903 13
830 904 14
832 902 15
830 904 16
830 904 17
831 903 18
831 903 19
831 903 20
829 905 21
829 905 22
831 903 23
830 904 24
831 903 25
833 901 26
830 904 27
830 904 28
832 902 29
830 904 30
831 903 31
831 903 32
832 902 33
831 903 34
831 903 35
830 904 36
831 903 37
831 903 38
831 903 39
832 902 40
832 902 41
829 905 42
832 902 43
830 904 44
830 904 45
830 904 46
832 902 47
832 902 48
830 904 49
830 904 50
830 904 51
831 903 52
832 902 53
830 904 54
831 903 55
829 905 56
831 903 57
828 906 58
830 904 59
831 903 60
830 904 61
831 903 62
830 904 63
830 904 64
829 905 65
831 903 66
831 903 67
831 903 68
828 906 69
830 904 70
831 903 71
831 903 72
830 904 73
831 903 74
829 905 75
830 904 76
831 903 77
832 902 78
831 903 79
832 902 80
831 903 81
832 902 82
832 902 83
829 905 84
828 906 85
830 904 86
831 903 87
831 903 88
830 904 89
828 906 90
830 904 91
831 903 92
831 903 93
831 903 94
830 904 95
827 907 96
830 904 97
829 905 98
829 905 99
830 904 100
830 904 101
831 903 102
829 905 103
831 903 104
829 905 105
829 905 106
830 904 107
829 905 108
829 905 109
830 904 110
830 904 111
828 906 112
829 905 113
829 905 114
830 904 115
828 906 116
828 906 117
828 906 118
828 906 119
827 907 120
827 907 121
827 907 122
827 907 123
825 909 124
827 907 125
827 907 126
825 909 127
825 909 128
825 909 129
827 907 130
824 910 131
823 911 132
824 910 133
824 910 134
824 910 135
823 911 136
824 910 137
824 910 138
825 909 139
811 923 140
818 916 141
821 913 142
822 912 143
822 912 144
822 912 145
824 910 146
822 912 147
814 920 148
825 909 149
825 909 150
824 910 151
823 911 152
823 911 153
816 918 154
823 911 155
822 912 156
821 913 157
814 920 158
823 911 159
823 911 160
818 916 161
825 909 162
821 913 163
822 912 164
818 916 165
821 913 166
823 911 167
825 909 168
824 910 169
821 913 170
825 909 171
824 910 172
824 910 173
823 911 174
824 910 175
826 908 176
826 908 177
824 910 178
825 909 179
825 909 180
822 912 181
821 913 182
825 909 183
817 917 184
818 916 185
824 910 186
826 908 187
826 908 188
826 908 189
822 912 190
823 911 191
824 910 192
825 909 193
825 909 194
824 910 195
825 909 196
823 911 197
822 912 198
822 912 199
822 912 200
822 912 201
822 912 202
824 910 203
824 910 204
825 909 205
823 911 206
824 910 207
822 912 208
825 909 209
824 910 210
826 908 211
825 909 212
821 913 213
825 909 214
825 909 215
821 913 216
825 909 217
823 911 218
825 909 219
822 912 220
824 910 221
825 909 222
826 908 223
826 908 224
823 911 225
815 919 226
818 916 227
820 914 228
824 910 229
825 909 230
825 909 231
820 914 232
826 908 233
824 910 234
823 911 235
823 911 236
824 910 237
825 909 238
824 910 239
825 909 240
827 907 241
826 908 242
825 909 243
826 908 244
827 907 245
828 906 246
826 908 247
825 909 248
828 906 249
829 905 250
829 905 251
827 907 252
828 906 253
829 905 254
829 905 255
826 908 256
828 906 257
829 905 258
830 904 259
830 904 260
830 904 261
830 904 262
830 904 263
830 904 264
830 904 265
831 903 266
830 904 267
831 903 268
830 904 269
830 904 270
829 905 271
831 903 272
831 903 273
830 904 274
831 903 275
831 903 276
830 904 277
831 903 278
831 903 279
831 903 280
834 900 281
834 900 282
832 902 283
833 901 284
831 903 285
834 900 286
834 900 287
830 904 288
833 901 289
832 902 290
833 901 291
833 901 292
834 900 293
834 900 294
833 901 295
833 901 296
833 901 297
833 901 298
835 899 299
835 899 300
834 900 301
834 900 302
834 900 303
831 903 304
835 899 305
837 897 306
836 898 307
835 899 308
835 899 309
835 899 310
836 898 311
835 899 312
833 901 313
835 899 314
835 899 315
835 899 316
835 899 317
832 902 318
835 899 319
836 898 320
836 898 321
836 898 322
836 898 323
836 898 324
836 898 325
834 900 326
834 900 327
837 897 328
837 897 329
834 900 330
835 899 331
835 899 332
835 899 333
835 899 334
837 897 335
835 899 336
836 898 337
836 898 338
837 897 339
837 897 340
837 897 341
836 898 342
835 899 343
834 900 344
834 900 345
836 898 346
834 900 347
835 899 348
835 899 349
836 898 350
835 899 351
836 898 352
836 898 353
836 898 354
836 898 355
835 899 356
835 899 357
837 897 358
827 907 359
835 899 360
834 900 361
836 898 362
836 898 363
832 902 364
835 899 365
834 900 366
836 898 367
836 898 368
835 899 369
834 900 370
836 898 371
834 900 372
835 899 373
835 899 374
836 898 375
835 899 376
835 899 377
836 898 378
836 898 379
835 899 380
837 897 381
836 898 382
836 898 383
836 898 384
838 896 385
835 899 386
835 899 387
835 899 388
835 899 389
835 899 390
836 898 391
836 898 392
835 899 393
835 899 394
835 899 395
835 899 396
834 900 397
837 897 398
837 897 399
833 901 400
834 900 401
835 899 402
835 899 403
835 899 404
834 900 405
834 900 406
833 901 407
834 900 408
835 899 409
833 901 410
832 902 411
833 901 412
833 901 413
833 901 414
833 901 415
830 904 416
834 900 417
832 902 418
831 903 419
830 904 420
832 902 421
830 904 422
829 905 423
830 904 424
828 906 425
829 905 426
830 904 427
830 904 428
829 905 429
827 907 430
828 906 431
829 905 432
827 907 433
834 900 434
826 908 435
824 910 436
826 908 437
827 907 438
827 907 439
828 906 440
821 913 441
822 912 442
823 911 443
829 905 444
829 905 445
826 908 446
829 905 447
828 906 448
828 906 449
824 910 450
820 914 451
819 915 452
811 923 453
826 908 454
827 907 455
830 904 456
828 906 457
830 904 458
830 904 459
830 904 460
828 906 461
828 906 462
830 904 463
830 904 464
831 903 465
828 906 466
828 906 467
830 904 468
830 904 469
826 908 470
829 905 471
829 905 472
829 905 473
824 910 474
829 905 475
827 907 476
829 905 477
828 906 478
830 904 479
824 910 480
828 906 481
826 908 482
829 905 483
830 904 484
830 904 485
827 907 486
829 905 487
828 906 488
828 906 489
828 906 490
828 906 491
831 903 492
830 904 493
830 904 494
829 905 495
826 908 496
827 907 497
830 904 498
829 905 499
829 905 500
826 908 501
821 913 502
829 905 503
830 904 504
828 906 505
830 904 506
827 907 507
830 904 508
830 904 509
830 904 510
830 904 511
829 905 512
830 904 513
831 903 514
828 906 515
829 905 516
829 905 517
831 903 518
831 903 519
829 905 520
830 904 521
830 904 522
828 906 523
830 904 524
830 904 525
827 907 526
827 907 527
827 907 528
828 906 529
816 918 530
830 904 531
827 907 532
827 907 533
829 905 534
824 910 535
828 906 536
828 906 537
826 908 538
829 905 539
828 906 540
827 907 541
826 908 542
826 908 543
830 904 544
829 905 545
828 906 546
827 907 547
827 907 548
830 904 549
830 904 550
829 905 551
826 908 552
828 906 553
831 903 554
831 903 555
829 905 556
827 907 557
831 903 558
832 902 559
829 905 560
830 904 561
832 902 562
832 902 563
833 901 564
832 902 565
833 901 566
832 902 567
834 900 568
833 901 569
835 899 570
832 902 571
835 899 572
835 899 573
833 901 574
835 899 575
835 899 576
835 899 577
834 900 578
835 899 579
837 897 580
837 897 581
836 898 582
836 898 583
836 898 584
835 899 585
833 901 586
837 897 587
836 898 588
835 899 589
839 895 590
833 901 591
835 899 592
838 896 593
838 896 594
837 897 595
837 897 596
836 898 597
837 897 598
838 896 599
836 898 600
838 896 601
836 898 602
837 897 603
837 897 604
838 896 605
837 897 606
836 898 607
838 896 608
838 896 609
838 896 610
837 897 611
838 896 612
837 897 613
839 895 614
838 896 615
836 898 616
839 895 617
837 897 618
840 894 619
840 894 620
839 895 621
837 897 622
839 895 623
838 896 624
838 896 625
841 893 626
841 893 627
840 894 628
839 895 629
838 896 630
840 894 631
840 894 632
839 895 633
839 895 634
839 895 635
839 895 636
840 894 637
841 893 638
840 894 639
838 896 640
838 896 641
840 894 642
834 900 643
840 894 644
840 894 645
839 895 646
837 897 647
840 894 648
840 894 649
840 894 650
839 895 651
840 894 652
838 896 653
840 894 654
840 894 655
838 896 656
840 894 657
840 894 658
836 898 659
839 895 660
838 896 661
840 894 662
840 894 663
838 896 664
840 894 665
839 895 666
838 896 667
836 898 668
839 895 669
839 895 670
839 895 671
839 895 672
833 901 673
836 898 674
839 895 675
838 896 676
839 895 677
840 894 678
838 896 679
840 894 680
840 894 681
838 896 682
840 894 683
838 896 684
840 894 685
839 895 686
837 897 687
838 896 688
840 894 689
838 896 690
838 896 691
840 894 692
839 895 693
838 896 694
837 897 695
839 895 696
840 894 697
840 894 698
838 896 699
839 895 700
840 894 701
839 895 702
840 894 703
840 894 704
839 895 705
823 911 706
841 893 707
841 893 708
840 894 709
840 894 710
828 906 711
838 896 712
839 895 713
836 898 714
838 896 715
839 895 716
839 895 717
840 894 718
839 895 719
840 894 720
840 894 721
838 896 722
839 895 723
839 895 724
841 893 725
839 895 726
840 894 727
840 894 728
836 898 729
838 896 730
840 894 731
840 894 732
840 894 733
840 894 734
839 895 735
841 893 736
839 895 737
840 894 738
841 893 739
841 893 740
841 893 741
841 893 742
840 894 743
839 895 744
842 892 745
842 892 746
840 894 747
840 894 748
841 893 749
840 894 750
841 893 751
841 893 752
841 893 753
841 893 754
840 894 755
839 895 756
840 894 757
840 894 758
840 894 759
840 894 760
839 895 761
839 895 762
841 893 763
840 894 764
840 894 765
834 900 766
839 895 767
840 894 768
837 897 769
841 893 770
841 893 771
840 894 772
840 894 773
839 895 774
841 893 775
840 894 776
837 897 777
841 893 778
840 894 779
840 894 780
841 893 781
841 893 782
841 893 783
841 893 784
841 893 785
831 903 786
837 897 787
841 893 788
838 896 789
841 893 790
838 896 791
838 896 792
838 896 793
841 893 794
837 897 795
841 893 796
841 893 797
839 895 798
842 892 799
840 894 800
840 894 801
842 892 802
841 893 803
842 892 804
840 894 805
842 892 806
842 892 807
840 894 808
840 894 809
841 893 810
842 892 811
841 893 812
833 901 813
841 893 814
837 897 815
838 896 816
840 894 817
841 893 818
841 893 819
838 896 820
840 894 821
839 895 822
841 893 823
831 903 824
840 894 825
841 893 826
843 891 827
843 891 828
841 893 829
840 894 830
840 894 831
839 895 832
839 895 833
841 893 834
837 897 835
838 896 836
840 894 837
841 893 838
840 894 839
842 892 840
842 892 841
840 894 842
839 895 843
841 893 844
841 893 845
839 895 846
840 894 847
841 893 848
841 893 849
831 903 850
839 895 851
840 894 852
840 894 853
840 894 854
839 895 855
836 898 856
840 894 857
836 898 858
839 895 859
838 896 860
839 895 861
841 893 862
842 892 863
833 901 864
841 893 865
842 892 866
842 892 867
838 896 868
839 895 869
839 895 870
840 894 871
841 893 872
839 895 873
840 894 874
840 894 875
842 892 876
838 896 877
840 894 878
839 895 879
842 892 880
838 896 881
842 892 882
842 892 883
843 891 884
843 891 885
842 892 886
843 891 887
842 892 888
835 899 889
840 894 890
840 894 891
841 893 892
842 892 893
840 894 894
841 893 895
840 894 896
842 892 897
840 894 898
843 891 899
842 892 900
842 892 901
842 892 902
842 892 903
836 898 904
843 891 905
841 893 906
841 893 907
842 892 908
842 892 909
838 896 910
842 892 911
841 893 912
843 891 913
830 904 914
841 893 915
839 895 916
838 896 917
844 890 918
841 893 919
842 892 920
843 891 921
843 891 922
839 895 923
841 893 924
838 896 925
841 893 926
843 891 927
842 892 928
842 892 929
843 891 930
826 908 931
843 891 932
837 897 933
843 891 934
840 894 935
836 898 936
843 891 937
831 903 938
842 892 939
842 892 940
843 891 941
843 891 942
837 897 943
840 894 944
842 892 945
842 892 946
842 892 947
845 889 948
840 894 949
843 891 950
842 892 951
