830 902 0
830 902 1
830 902 2
830 902 3
830 903 4
830 903 5
830 903 6
830 903 7
830 903 8
830 903 9
830 903 10
830 903 11
830 903 12
830 903 13
830 903 14
830 903 15
829 903 16
829 903 17
830 903 18
830 903 19
830 903 20
830 903 21
830 903 22
830 903 23
830 903 24
830 903 25
830 903 26
829 903 27
830 903 28
830 903 29
830 903 30
830 903 31
830 903 32
830 903 33
830 903 34
830 903 35
831 903 36
830 903 37
830 903 38
830 903 39
830 903 40
830 903 41
830 903 42
829 903 43
829 903 44
830 903 45
830 903 46
830 903 47
830 903 48
830 903 49
830 903 50
830 903 51
830 903 52
830 903 53
830 903 54
830 903 55
830 903 56
830 903 57
830 903 58
830 903 59
830 903 60
830 903 61
830 903 62
830 903 63
830 903 64
830 903 65
830 903 66
830 903 67
830 903 68
830 903 69
830 903 70
830 903 71
830 903 72
830 903 73
830 903 74
830 903 75
830 903 76
830 903 77
830 903 78
830 903 79
830 903 80
830 903 81
830 903 82
830 903 83
830 902 84
830 903 85
830 903 86
830 903 87
830 903 88
829 903 89
829 903 90
829 903 91
829 903 92
829 903 93
829 903 94
829 903 95
829 903 96
829 904 97
829 903 98
829 904 99
829 904 100
828 904 101
828 904 102
829 904 103
829 904 104
829 904 105
829 904 106
828 904 107
828 904 108
828 904 109
828 904 110
828 904 111
828 904 112
828 904 113
828 905 114
828 905 115
828 905 116
828 905 117
827 906 118
827 906 119
827 906 120
826 907 121
826 907 122
826 907 123
826 907 124
826 907 125
825 908 126
825 908 127
825 908 128
824 909 129
824 909 130
823 909 131
823 910 132
823 910 133
823 910 134
823 910 135
823 910 136
823 910 137
823 910 138
822 910 139
822 910 140
822 911 141
821 911 142
821 911 143
822 911 144
822 911 145
821 911 146
821 911 147
822 910 148
822 910 149
822 910 150
822 910 151
822 910 152
822 911 153
822 911 154
822 911 155
822 911 156
821 911 157
821 911 158
821 911 159
821 911 160
821 911 161
821 911 162
821 911 163
821 911 164
821 910 165
822 910 166
822 910 167
823 910 168
823 909 169
823 909 170
823 909 171
823 909 172
823 910 173
823 910 174
823 910 175
823 910 176
823 910 177
823 909 178
823 909 179
823 909 180
823 909 181
823 909 182
823 909 183
823 909 184
823 909 185
823 909 186
823 910 187
823 910 188
823 910 189
823 910 190
823 910 191
823 910 192
823 910 193
823 910 194
823 909 195
823 909 196
823 909 197
823 909 198
822 909 199
823 909 200
823 910 201
823 910 202
823 909 203
823 909 204
823 909 205
823 909 206
823 909 207
823 909 208
823 909 209
823 909 210
823 909 211
824 909 212
824 909 213
824 909 214
824 908 215
823 908 216
823 909 217
823 909 218
823 909 219
823 909 220
823 910 221
823 910 222
823 910 223
823 910 224
823 910 225
823 910 226
823 910 227
823 910 228
823 910 229
823 910 230
823 910 231
823 910 232
823 909 233
823 909 234
823 909 235
823 909 236
823 909 237
824 909 238
824 908 239
825 908 240
825 908 241
825 908 242
826 907 243
826 907 244
826 907 245
826 907 246
827 906 247
827 906 248
827 906 249
827 906 250
827 905 251
828 905 252
828 905 253
828 905 254
828 905 255
828 905 256
828 904 257
829 904 258
829 904 259
829 904 260
830 904 261
830 903 262
830 903 263
830 903 264
830 903 265
830 903 266
830 903 267
829 903 268
830 903 269
830 903 270
830 903 271
830 903 272
830 902 273
830 902 274
830 902 275
830 902 276
830 902 277
830 902 278
830 902 279
830 902 280
831 902 281
831 902 282
831 901 283
831 901 284
831 901 285
832 901 286
832 900 287
832 900 288
832 900 289
832 900 290
833 900 291
833 900 292
833 900 293
833 900 294
833 900 295
833 900 296
833 900 297
832 900 298
833 900 299
833 900 300
833 899 301
833 899 302
834 899 303
834 899 304
834 899 305
834 899 306
834 898 307
834 898 308
834 898 309
834 898 310
834 898 311
834 898 312
834 898 313
834 898 314
834 898 315
835 898 316
835 898 317
835 898 318
835 898 319
835 897 320
835 897 321
835 898 322
835 898 323
835 898 324
835 898 325
835 898 326
835 898 327
835 898 328
835 898 329
835 898 330
835 898 331
835 898 332
835 898 333
835 898 334
835 898 335
835 898 336
835 898 337
835 898 338
835 898 339
835 898 340
835 898 341
835 898 342
835 898 343
835 898 344
835 898 345
835 898 346
835 898 347
835 898 348
835 898 349
835 898 350
835 897 351
835 897 352
835 898 353
835 898 354
835 898 355
835 898 356
835 898 357
835 898 358
834 898 359
834 898 360
834 898 361
834 898 362
834 898 363
834 898 364
834 898 365
834 898 366
835 898 367
835 898 368
835 898 369
835 898 370
835 898 371
835 898 372
835 898 373
835 898 374
835 898 375
835 898 376
835 898 377
835 897 378
835 897 379
835 898 380
835 898 381
835 898 382
835 898 383
835 897 384
835 897 385
835 898 386
835 898 387
835 898 388
835 898 389
835 898 390
835 898 391
835 898 392
835 898 393
835 898 394
834 898 395
834 898 396
834 898 397
834 898 398
834 899 399
834 899 400
834 899 401
834 899 402
834 899 403
834 899 404
834 899 405
833 899 406
833 900 407
833 900 408
833 900 409
832 900 410
832 901 411
832 900 412
832 901 413
832 901 414
832 901 415
832 901 416
831 901 417
831 902 418
831 902 419
830 903 420
830 903 421
830 904 422
829 904 423
829 904 424
829 904 425
829 904 426
829 904 427
829 904 428
828 905 429
828 905 430
828 905 431
827 906 432
826 906 433
826 906 434
826 907 435
826 907 436
826 907 437
826 907 438
826 906 439
826 906 440
826 906 441
826 906 442
826 906 443
826 907 444
826 907 445
826 906 446
826 906 447
827 906 448
827 906 449
827 906 450
827 906 451
826 907 452
826 907 453
826 907 454
826 906 455
827 905 456
828 905 457
828 905 458
828 905 459
829 904 460
829 904 461
829 904 462
829 904 463
829 904 464
828 904 465
828 904 466
828 904 467
828 904 468
828 904 469
828 904 470
828 905 471
828 905 472
828 904 473
828 904 474
828 905 475
828 905 476
828 905 477
828 905 478
828 905 479
827 905 480
827 905 481
827 905 482
827 905 483
827 904 484
827 905 485
827 905 486
827 905 487
828 905 488
828 905 489
827 905 490
828 905 491
828 905 492
828 905 493
828 905 494
828 904 495
828 905 496
828 904 497
828 904 498
828 904 499
828 904 500
828 904 501
828 904 502
828 904 503
828 904 504
828 904 505
829 904 506
829 904 507
829 904 508
829 904 509
829 903 510
829 904 511
829 904 512
829 904 513
829 904 514
829 904 515
828 904 516
829 904 517
829 904 518
829 904 519
828 904 520
828 904 521
828 904 522
828 904 523
828 904 524
827 905 525
827 905 526
827 905 527
827 905 528
827 906 529
827 906 530
826 906 531
827 906 532
827 906 533
827 906 534
827 906 535
827 905 536
827 905 537
827 906 538
827 906 539
827 906 540
827 906 541
827 906 542
827 906 543
827 905 544
827 905 545
827 905 546
828 905 547
828 904 548
828 904 549
828 904 550
828 904 551
829 904 552
829 904 553
829 904 554
829 903 555
830 903 556
830 903 557
830 903 558
830 902 559
831 902 560
831 902 561
831 902 562
831 902 563
832 901 564
832 901 565
832 901 566
832 901 567
833 900 568
833 900 569
833 899 570
834 899 571
834 899 572
834 899 573
834 898 574
834 899 575
835 898 576
834 898 577
834 898 578
835 898 579
835 898 580
835 898 581
835 898 582
835 897 583
835 897 584
835 897 585
835 897 586
835 897 587
835 897 588
835 897 589
835 897 590
835 897 591
835 897 592
836 897 593
836 897 594
836 897 595
836 897 596
836 896 597
836 896 598
836 896 599
836 896 600
836 896 601
836 896 602
836 896 603
836 896 604
837 896 605
837 896 606
837 896 607
837 896 608
837 895 609
837 895 610
837 895 611
837 895 612
837 895 613
837 895 614
837 895 615
837 895 616
837 895 617
837 895 618
838 895 619
838 894 620
838 894 621
838 894 622
838 894 623
838 894 624
838 894 625
838 894 626
838 894 627
838 894 628
838 894 629
838 894 630
838 894 631
838 894 632
839 894 633
839 894 634
839 894 635
839 894 636
839 894 637
839 894 638
838 894 639
838 894 640
839 893 641
839 894 642
839 894 643
839 894 644
839 894 645
839 894 646
839 894 647
839 894 648
839 894 649
839 894 650
839 893 651
839 894 652
839 894 653
839 894 654
839 893 655
839 894 656
839 894 657
839 894 658
839 894 659
839 894 660
838 894 661
838 894 662
838 894 663
838 894 664
838 894 665
838 894 666
838 894 667
838 894 668
838 894 669
838 894 670
838 895 671
838 895 672
838 894 673
838 894 674
838 894 675
838 894 676
838 894 677
838 894 678
838 894 679
838 894 680
837 894 681
837 894 682
838 894 683
838 894 684
838 894 685
838 894 686
838 895 687
838 895 688
838 895 689
838 895 690
837 895 691
838 895 692
838 895 693
838 895 694
838 894 695
838 894 696
838 894 697
838 894 698
838 894 699
839 894 700
839 894 701
839 894 702
839 894 703
839 894 704
839 894 705
839 894 706
839 894 707
839 894 708
839 894 709
839 894 710
839 894 711
838 894 712
838 894 713
838 894 714
838 894 715
838 894 716
838 894 717
838 894 718
838 894 719
839 894 720
839 894 721
839 894 722
839 894 723
839 894 724
839 894 725
839 894 726
839 894 727
839 893 728
839 893 729
839 894 730
839 894 731
839 893 732
839 893 733
839 893 734
839 893 735
839 893 736
839 893 737
839 893 738
839 893 739
839 893 740
840 893 741
840 893 742
840 893 743
840 893 744
840 893 745
840 893 746
840 893 747
840 893 748
840 893 749
840 893 750
840 893 751
840 893 752
840 893 753
840 893 754
840 893 755
840 893 756
840 893 757
839 893 758
839 893 759
839 893 760
839 894 761
839 894 762
839 894 763
839 894 764
839 894 765
839 894 766
839 894 767
839 894 768
839 894 769
839 894 770
839 893 771
839 893 772
839 893 773
839 893 774
840 893 775
840 893 776
840 893 777
840 893 778
840 893 779
840 893 780
840 893 781
840 893 782
840 893 783
840 893 784
840 893 785
839 893 786
839 893 787
839 893 788
838 893 789
838 893 790
838 893 791
838 893 792
839 893 793
839 893 794
839 893 795
839 893 796
840 893 797
840 893 798
840 893 799
840 893 800
839 893 801
840 893 802
840 893 803
840 893 804
840 893 805
840 893 806
840 893 807
840 893 808
840 893 809
840 893 810
840 893 811
840 893 812
840 893 813
840 893 814
839 893 815
839 893 816
839 893 817
839 893 818
839 893 819
839 893 820
839 893 821
839 893 822
839 893 823
839 893 824
839 893 825
839 893 826
839 893 827
839 893 828
839 893 829
839 893 830
839 893 831
839 893 832
839 893 833
840 893 834
840 893 835
840 893 836
840 893 837
840 893 838
840 893 839
840 893 840
840 893 841
840 893 842
840 893 843
840 893 844
840 893 845
840 893 846
840 893 847
839 893 848
839 893 849
839 893 850
839 893 851
839 894 852
839 894 853
839 894 854
839 894 855
839 894 856
839 894 857
839 894 858
838 894 859
838 894 860
838 894 861
838 894 862
838 894 863
838 894 864
838 894 865
838 894 866
839 894 867
839 894 868
839 894 869
839 894 870
839 894 871
839 894 872
839 894 873
839 894 874
839 893 875
839 893 876
839 893 877
840 893 878
840 893 879
840 892 880
840 892 881
840 892 882
840 892 883
840 892 884
840 892 885
840 892 886
840 892 887
840 892 888
840 892 889
840 892 890
840 892 891
840 892 892
840 892 893
840 892 894
840 892 895
840 892 896
841 892 897
841 892 898
841 892 899
841 891 900
841 891 901
841 891 902
841 892 903
841 892 904
841 892 905
841 892 906
841 892 907
841 892 908
841 892 909
841 892 910
840 892 911
840 892 912
840 892 913
840 892 914
840 893 915
840 893 916
840 892 917
840 892 918
840 892 919
840 892 920
840 892 921
840 892 922
840 892 923
840 892 924
841 892 925
841 892 926
841 891 927
841 891 928
841 891 929
841 891 930
840 892 931
840 892 932
840 892 933
840 892 934
840 893 935
840 892 936
840 892 937
841 892 938
841 892 939
841 891 940
841 891 941
842 891 942
842 891 943
841 891 944
841 891 945
841 891 946
841 891 947
841 891 948
841 891 949
841 891 950
841 891 951
