835 897 0
835 897 1
835 897 2
835 897 3
835 897 4
835 897 5
835 897 6
835 897 7
835 897 8
835 897 9
836 897 10
836 897 11
836 897 12
836 897 13
836 897 14
836 897 15
836 896 16
836 896 17
836 897 18
836 897 19
835 897 20
835 898 21
835 898 22
835 898 23
834 898 24
834 899 25
834 898 26
834 898 27
834 898 28
834 899 29
833 899 30
833 899 31
833 899 32
833 899 33
833 899 34
833 899 35
833 899 36
834 898 37
834 898 38
835 897 39
835 897 40
835 897 41
835 898 42
835 898 43
835 898 44
834 898 45
835 898 46
835 898 47
835 897 48
835 897 49
835 897 50
835 897 51
836 897 52
836 896 53
836 896 54
836 896 55
836 896 56
836 896 57
836 896 58
837 896 59
837 896 60
837 896 61
837 896 62
837 895 63
837 895 64
838 895 65
838 895 66
838 895 67
838 895 68
837 895 69
838 894 70
838 894 71
838 895 72
838 895 73
838 894 74
838 894 75
838 894 76
838 894 77
838 894 78
838 894 79
838 894 80
838 894 81
839 894 82
839 894 83
839 894 84
838 894 85
838 893 86
839 893 87
839 894 88
839 894 89
839 894 90
839 894 91
839 894 92
840 894 93
840 893 94
840 893 95
840 893 96
840 893 97
840 893 98
840 893 99
840 893 100
840 893 101
840 893 102
840 893 103
840 893 104
840 893 105
839 893 106
839 893 107
839 893 108
839 893 109
839 893 110
839 893 111
839 894 112
839 894 113
839 894 114
839 894 115
839 894 116
838 894 117
838 894 118
838 894 119
838 894 120
838 895 121
838 895 122
838 895 123
838 895 124
838 895 125
838 895 126
837 895 127
837 895 128
837 895 129
837 895 130
837 895 131
837 895 132
837 895 133
837 895 134
837 895 135
837 895 136
837 895 137
837 895 138
837 895 139
838 895 140
838 895 141
838 895 142
838 895 143
838 894 144
838 894 145
839 894 146
839 894 147
839 894 148
839 894 149
840 894 150
840 893 151
839 893 152
839 894 153
839 894 154
839 894 155
839 894 156
838 894 157
838 894 158
839 894 159
839 894 160
839 894 161
839 894 162
839 894 163
839 894 164
839 894 165
839 894 166
839 894 167
839 894 168
839 894 169
839 894 170
839 894 171
839 894 172
839 894 173
839 894 174
839 894 175
839 894 176
839 894 177
839 894 178
839 894 179
839 894 180
838 894 181
839 894 182
839 894 183
839 894 184
839 894 185
839 894 186
839 894 187
838 894 188
838 894 189
839 894 190
839 894 191
839 894 192
839 894 193
839 893 194
839 893 195
839 893 196
839 893 197
839 893 198
839 893 199
839 893 200
839 893 201
839 894 202
839 893 203
840 893 204
840 893 205
840 893 206
840 893 207
840 893 208
839 893 209
839 893 210
839 893 211
839 893 212
839 893 213
839 893 214
839 893 215
839 893 216
839 893 217
839 893 218
839 894 219
838 894 220
838 894 221
839 894 222
839 894 223
839 894 224
839 894 225
839 894 226
839 894 227
839 894 228
839 894 229
839 894 230
839 894 231
840 894 232
840 894 233
840 894 234
839 894 235
839 894 236
839 894 237
839 894 238
839 894 239
839 894 240
838 894 241
838 894 242
839 894 243
839 894 244
839 894 245
839 894 246
839 894 247
839 894 248
839 894 249
839 894 250
839 894 251
839 894 252
839 894 253
839 894 254
838 894 255
838 894 256
839 894 257
839 894 258
839 894 259
839 894 260
839 894 261
839 894 262
839 893 263
839 893 264
839 893 265
839 893 266
839 893 267
839 893 268
839 893 269
839 893 270
839 893 271
839 893 272
839 893 273
839 893 274
840 893 275
839 893 276
840 892 277
840 893 278
840 893 279
840 893 280
840 893 281
840 893 282
840 893 283
840 892 284
840 892 285
840 892 286
840 892 287
840 892 288
840 892 289
840 892 290
841 892 291
840 892 292
841 892 293
841 892 294
841 892 295
841 892 296
841 892 297
841 892 298
841 892 299
840 892 300
840 893 301
840 893 302
840 893 303
839 893 304
839 892 305
840 892 306
840 892 307
840 892 308
841 892 309
841 892 310
841 892 311
841 892 312
841 892 313
841 892 314
841 892 315
841 892 316
840 892 317
840 892 318
841 892 319
841 892 320
841 891 321
841 892 322
841 891 323
841 891 324
841 892 325
841 892 326
841 892 327
840 892 328
840 892 329
840 892 330
840 892 331
840 892 332
840 892 333
840 892 334
840 892 335
840 893 336
840 892 337
840 892 338
840 892 339
840 892 340
840 892 341
840 892 342
840 892 343
841 892 344
841 892 345
841 892 346
841 892 347
841 892 348
841 891 349
841 891 350
841 892 351
841 892 352
841 892 353
840 892 354
840 892 355
841 891 356
841 891 357
841 892 358
841 892 359
841 892 360
841 892 361
841 892 362
840 892 363
840 892 364
840 892 365
840 892 366
840 892 367
840 892 368
840 892 369
840 892 370
840 892 371
840 892 372
840 892 373
840 892 374
840 892 375
840 892 376
840 892 377
840 892 378
840 892 379
840 892 380
840 892 381
841 892 382
841 892 383
841 892 384
841 892 385
841 892 386
841 892 387
841 891 388
841 891 389
842 891 390
842 891 391
842 890 392
842 891 393
842 891 394
842 891 395
842 891 396
842 891 397
842 891 398
842 891 399
842 891 400
842 891 401
841 891 402
841 892 403
840 893 404
840 893 405
840 893 406
839 894 407
839 894 408
839 894 409
839 894 410
838 894 411
839 894 412
838 894 413
839 894 414
839 894 415
839 894 416
839 894 417
839 894 418
839 893 419
839 893 420
839 893 421
839 893 422
839 893 423
839 893 424
839 893 425
839 894 426
839 894 427
839 894 428
839 894 429
839 894 430
839 893 431
839 893 432
839 893 433
839 893 434
839 892 435
840 892 436
840 892 437
840 892 438
840 893 439
840 893 440
839 894 441
838 894 442
838 894 443
838 894 444
838 894 445
838 895 446
838 895 447
838 895 448
838 895 449
838 895 450
838 894 451
839 894 452
839 893 453
840 893 454
840 893 455
839 893 456
840 893 457
839 893 458
839 894 459
839 894 460
839 894 461
839 893 462
839 893 463
839 893 464
840 893 465
840 893 466
840 893 467
840 893 468
840 893 469
840 892 470
841 892 471
840 892 472
840 892 473
840 892 474
840 892 475
840 892 476
840 892 477
840 892 478
840 892 479
840 892 480
840 893 481
839 893 482
839 893 483
839 893 484
839 893 485
839 893 486
839 894 487
839 893 488
839 894 489
839 894 490
838 894 491
838 895 492
837 895 493
837 895 494
837 895 495
837 895 496
837 895 497
837 895 498
837 895 499
837 895 500
838 894 501
838 894 502
838 894 503
838 894 504
838 894 505
838 894 506
839 894 507
838 894 508
838 894 509
838 894 510
838 895 511
837 895 512
837 895 513
837 895 514
837 895 515
838 894 516
838 894 517
838 894 518
839 894 519
839 894 520
839 894 521
839 893 522
839 893 523
840 892 524
840 892 525
840 892 526
840 892 527
841 892 528
841 892 529
841 892 530
841 892 531
842 892 532
842 891 533
841 892 534
840 892 535
840 893 536
839 893 537
839 893 538
839 893 539
839 893 540
839 893 541
840 893 542
840 893 543
840 893 544
838 894 545
838 894 546
838 895 547
838 895 548
837 895 549
837 896 550
837 895 551
837 895 552
836 896 553
836 896 554
836 896 555
836 896 556
836 896 557
837 895 558
837 895 559
838 895 560
838 894 561
839 894 562
839 893 563
840 893 564
840 893 565
840 893 566
840 893 567
840 893 568
839 894 569
839 894 570
839 894 571
840 893 572
840 893 573
839 893 574
839 893 575
840 893 576
840 893 577
840 893 578
840 893 579
840 892 580
840 892 581
840 892 582
840 892 583
840 892 584
840 892 585
840 892 586
841 892 587
841 892 588
840 892 589
840 892 590
840 892 591
840 892 592
840 892 593
840 893 594
840 893 595
840 893 596
840 893 597
840 893 598
840 893 599
840 893 600
840 893 601
840 893 602
840 893 603
840 893 604
839 893 605
839 894 606
839 894 607
839 894 608
839 894 609
839 894 610
839 894 611
839 894 612
839 894 613
839 894 614
839 894 615
838 894 616
838 894 617
838 895 618
838 894 619
838 894 620
838 894 621
838 894 622
838 894 623
838 894 624
839 894 625
839 894 626
839 894 627
840 893 628
840 893 629
840 893 630
840 893 631
840 893 632
840 893 633
840 893 634
840 893 635
840 893 636
839 893 637
839 893 638
839 893 639
839 893 640
839 893 641
839 893 642
839 893 643
839 893 644
839 893 645
839 893 646
839 893 647
839 893 648
839 893 649
839 893 650
839 893 651
839 893 652
839 893 653
839 894 654
839 894 655
838 894 656
838 894 657
838 894 658
838 895 659
838 895 660
838 895 661
838 895 662
838 895 663
837 895 664
837 895 665
837 895 666
838 894 667
838 894 668
838 894 669
839 894 670
839 894 671
839 894 672
840 893 673
839 894 674
839 894 675
839 894 676
839 894 677
839 894 678
838 894 679
838 895 680
838 895 681
838 894 682
838 894 683
838 895 684
838 895 685
838 895 686
838 895 687
838 895 688
838 895 689
838 894 690
839 894 691
839 894 692
839 894 693
839 894 694
838 894 695
838 895 696
837 895 697
837 895 698
837 895 699
837 895 700
837 896 701
837 896 702
837 895 703
837 895 704
838 894 705
838 894 706
838 894 707
839 894 708
839 894 709
839 894 710
839 894 711
839 894 712
839 894 713
839 894 714
839 893 715
839 894 716
